[1] "Summary of acutal to posterior"
   Min. 1st Qu.  Median    Mean 3rd Qu.    Max. 
-7.5920  0.4962  3.5991  4.0648  7.7142 15.7145 
   Min. 1st Qu.  Median    Mean 3rd Qu.    Max. 
-13.796   0.477   3.653   4.065   7.659  26.729 
[1] "omnibus bayesian p-value of mean"
[1] 0.486
[1] "period pvalues"
 [1] 0.387 0.741 0.711 0.427 0.641 0.483 0.676 0.627 0.680 0.528 0.418 0.485 0.491
[14] 0.548 0.511 0.631 0.414 0.369 0.440 0.280
[1] "cohort pvalues"
 [1] 0.713 0.564 0.574 0.599 0.528 0.630 0.559 0.557 0.705 0.522 0.420 0.504 0.571
[14] 0.591 0.471 0.308 0.412 0.479 0.537 0.534 0.507 0.483 0.562 0.348 0.508 0.445
[27] 0.590 0.379 0.341 0.526 0.431 0.561 0.391 0.548 0.565 0.404 0.412 0.370 0.504
[1] "age pvalues"
 [1] 0.751 0.446 0.584 0.457 0.475 0.436 0.499 0.448 0.346 0.525 0.526 0.323 0.464
[14] 0.406 0.545 0.501 0.457 0.300 0.593 0.635
