[1] "Summary of acutal to posterior"
   Min. 1st Qu.  Median    Mean 3rd Qu.    Max. 
-37.877  -2.276   9.258   9.594  21.584  56.213 
   Min. 1st Qu.  Median    Mean 3rd Qu.    Max. 
-95.933  -5.712   9.537   9.601  24.889 123.666 
[1] "omnibus bayesian p-value of mean"
[1] 0.494
[1] "period pvalues"
 [1] 0.742 0.591 0.378 0.381 0.580 0.675 0.355 0.583 0.568 0.364 0.454 0.428 0.629 0.479 0.472
[16] 0.450 0.748 0.346 0.525 0.265
[1] "cohort pvalues"
 [1] 0.608 0.653 0.520 0.563 0.529 0.502 0.403 0.488 0.570 0.597 0.476 0.514 0.493 0.488 0.360
[16] 0.503 0.670 0.710 0.636 0.459 0.222 0.493 0.440 0.603 0.439 0.262 0.578 0.595 0.518 0.360
[31] 0.465 0.536 0.413 0.482 0.483 0.559 0.530 0.358 0.511
[1] "age pvalues"
 [1] 0.500 0.478 0.372 0.596 0.591 0.452 0.551 0.474 0.492 0.541 0.479 0.511 0.493 0.514 0.591
[16] 0.408 0.616 0.479 0.460 0.518
